p1,p2,value
60,60,-1
1,1,0.000000
1,2,10.000394
1,3,8.000127
1,4,6.000435
1,5,0.040033
1,6,6.000941
1,7,9.000112
1,8,1.000988
1,9,3.001174
1,10,4.000381
1,11,6.000020
1,12,10.000407
1,13,7.000706
1,14,2.000743
1,15,5.001035
1,16,8.000392
1,17,5.000549
1,18,0.059670
1,19,7.000288
1,20,5.000659
1,21,2.001024
1,22,1.000155
1,23,4.000309
1,24,9.000113
1,25,3.001647
1,26,0.067998
1,27,0.083933
1,28,0.071067
1,29,1.000171
1,30,0.051279
1,31,8.000243
1,32,6.000127
1,33,1.006030
1,34,1.001909
1,35,9.000356
1,36,10.000195
1,37,5.000038
1,38,2.002390
1,39,0.040231
1,40,4.000959
1,41,3.001349
1,42,9.000112
1,43,2.000077
1,44,7.000992
1,45,7.000037
1,46,2.002661
1,47,1.000057
1,48,1.006030
1,49,7.000220
1,50,1.000116
1,51,0.096330
1,52,3.001296
1,53,4.000634
1,54,8.000274
1,55,0.051977
1,56,4.000027
1,57,2.003882
1,58,2.000054
1,59,5.000356
1,60,1.004067
2,1,10.000394
2,2,0.000000
2,3,2.000479
2,4,4.000141
2,5,10.000566
2,6,4.000798
2,7,1.006619
2,8,9.000481
2,9,7.000291
2,10,6.000115
2,11,4.001181
2,12,0.040212
2,13,3.003482
2,14,8.000787
2,15,5.001364
2,16,2.000031
2,17,5.000890
2,18,10.000087
2,19,3.002477
2,20,5.000148
2,21,8.000708
2,22,9.000329
2,23,6.000782
2,24,1.000957
2,25,7.001493
2,26,10.000124
2,27,10.000204
2,28,10.000159
2,29,11.000275
2,30,10.000169
2,31,2.000175
2,32,4.000324
2,33,9.000400
2,34,9.000388
2,35,1.008961
2,36,0.026456
2,37,5.000888
2,38,8.000342
2,39,10.000444
2,40,6.000055
2,41,13.000549
2,42,1.006619
2,43,8.000370
2,44,3.001485
2,45,3.001722
2,46,8.000244
2,47,11.000415
2,48,9.000400
2,49,17.000170
2,50,9.000525
2,51,10.000167
2,52,7.000000
2,53,14.000200
2,54,18.000170
2,55,10.000261
2,56,6.000498
2,57,12.000449
2,58,8.000374
2,59,15.000111
2,60,9.000090
3,1,8.000127
3,2,2.000479
3,3,0.000000
3,4,2.000299
3,5,8.000249
3,6,2.001721
3,7,1.002890
3,8,7.000245
3,9,5.000361
3,10,4.000030
3,11,2.000737
3,12,2.000724
3,13,1.006764
3,14,6.000494
3,15,3.001686
3,16,0.051277
3,17,3.000884
3,18,8.000037
3,19,1.003796
3,20,3.000342
3,21,6.000487
3,22,7.000084
3,23,4.000505
3,24,1.000000
3,25,5.001357
3,26,8.000100
3,27,8.000226
3,28,8.000135
3,29,9.000071
3,30,8.000015
3,31,0.018268
3,32,2.000026
3,33,7.000550
3,34,7.000249
3,35,1.005173
3,36,2.000076
3,37,3.000457
3,38,6.000464
3,39,8.000171
3,40,4.000270
3,41,11.000424
3,42,1.002890
3,43,6.000098
3,44,1.004721
3,45,1.001770
3,46,6.000443
3,47,9.000151
3,48,7.000550
3,49,15.000083
3,50,7.000211
3,51,8.000271
3,52,5.000187
3,53,12.000142
3,54,16.000103
3,55,8.000051
3,56,4.000145
3,57,10.000562
3,58,6.000097
3,59,13.000057
3,60,7.000207
4,1,6.000435
4,2,4.000141
4,3,2.000299
4,4,0.000000
4,5,6.000613
4,6,0.052361
4,7,3.001282
4,8,5.000400
4,9,3.000173
4,10,2.000092
4,11,0.086451
4,12,4.000046
4,13,1.006185
4,14,4.000841
4,15,1.003480
4,16,2.000137
4,17,1.001848
4,18,6.000017
4,19,1.004149
4,20,1.000059
4,21,4.000688
4,22,5.000444
4,23,2.001096
4,24,3.000199
4,25,3.002067
4,26,6.000022
4,27,6.000086
4,28,6.000043
4,29,7.000227
4,30,6.000138
4,31,2.000153
4,32,0.034621
4,33,5.000329
4,34,5.000256
4,35,3.001739
4,36,4.000077
4,37,1.002536
4,38,4.000252
4,39,6.000423
4,40,2.000068
4,41,9.000410
4,42,3.001282
4,43,4.000555
4,44,1.002256
4,45,1.003079
4,46,4.000192
4,47,7.000474
4,48,5.000329
4,49,13.000073
4,50,5.000578
4,51,6.000088
4,52,3.000171
4,53,10.000086
4,54,14.000071
4,55,6.000258
4,56,2.001068
4,57,8.000365
4,58,4.000534
4,59,11.000028
4,60,5.000037
5,1,0.040033
5,2,10.000566
5,3,8.000249
5,4,6.000613
5,5,0.000000
5,6,6.001034
5,7,9.000048
5,8,1.000819
5,9,3.001375
5,10,4.000627
5,11,6.000008
5,12,10.000523
5,13,7.000535
5,14,2.000462
5,15,5.000944
5,16,8.000579
5,17,5.000520
5,18,0.099669
5,19,7.000179
5,20,5.000871
5,21,2.000800
5,22,1.000718
5,23,4.000245
5,24,9.000221
5,25,3.001249
5,26,0.078183
5,27,0.090844
5,28,0.079554
5,29,1.000435
5,30,0.052176
5,31,8.000400
5,32,6.000258
5,33,1.006529
5,34,1.001943
5,35,9.000243
5,36,10.000320
5,37,5.000025
5,38,2.002670
5,39,0.073284
5,40,4.001299
5,41,3.001137
5,42,9.000048
5,43,2.000359
5,44,7.001049
5,45,7.000008
5,46,2.003117
5,47,1.000254
5,48,1.006529
5,49,7.000245
5,50,1.000047
5,51,0.105242
5,52,3.001862
5,53,4.000700
5,54,8.000295
5,55,0.090137
5,56,4.000154
5,57,2.004017
5,58,2.000308
5,59,5.000468
5,60,1.005212
6,1,6.000941
6,2,4.000798
6,3,2.001721
6,4,0.052361
6,5,6.001034
6,6,0.000000
6,7,3.001617
6,8,5.000542
6,9,3.000090
6,10,2.001160
6,11,0.102666
6,12,4.000197
6,13,1.004210
6,14,4.000912
6,15,1.001270
6,16,2.001326
6,17,1.001133
6,18,6.000287
6,19,1.004064
6,20,1.000924
6,21,4.000609
6,22,5.001166
6,23,2.001313
6,24,3.001148
6,25,3.001406
6,26,6.000154
6,27,6.000045
6,28,6.000115
6,29,7.000550
6,30,6.000555
6,31,2.001482
6,32,0.078337
6,33,5.000002
6,34,5.000256
6,35,3.001440
6,36,4.000741
6,37,1.004580
6,38,4.000009
6,39,6.000765
6,40,2.000736
6,41,9.000224
6,42,3.001617
6,43,4.001457
6,44,1.000111
6,45,1.005110
6,46,4.000045
6,47,7.000976
6,48,5.000002
6,49,13.000108
6,50,5.001054
6,51,6.000041
6,52,3.001020
6,53,10.000067
6,54,14.000067
6,55,6.000721
6,56,2.002780
6,57,8.000036
6,58,4.001390
6,59,11.000103
6,60,5.000157
7,1,9.000112
7,2,1.006619
7,3,1.002890
7,4,3.001282
7,5,9.000048
7,6,3.001617
7,7,0.000000
7,8,8.000042
7,9,6.000559
7,10,5.000609
7,11,3.000147
7,12,1.005015
7,13,2.000818
7,14,7.000018
7,15,4.000670
7,16,1.005412
7,17,4.000350
7,18,9.000313
7,19,2.000108
7,20,4.001068
7,21,7.000076
7,22,8.000237
7,23,5.000068
7,24,0.076082
7,25,6.000273
7,26,9.000317
7,27,9.000373
7,28,9.000305
7,29,10.000086
7,30,9.000201
7,31,1.004066
7,32,3.000735
7,33,8.000631
7,34,8.000145
7,35,0.045452
7,36,1.004066
7,37,4.000088
7,38,7.000600
7,39,9.000039
7,40,5.001085
7,41,12.000134
7,42,0.015083
7,43,7.000271
7,44,2.002777
7,45,2.000122
7,46,7.000768
7,47,10.000129
7,48,8.000631
7,49,16.000074
7,50,8.000055
7,51,9.000536
7,52,6.001086
7,53,13.000152
7,54,17.000092
7,55,9.000147
7,56,5.000338
7,57,11.000544
7,58,7.000241
7,59,14.000151
7,60,8.000628
8,1,1.000988
8,2,9.000481
8,3,7.000245
8,4,5.000400
8,5,1.000819
8,6,5.000542
8,7,8.000042
8,8,0.000000
8,9,2.000783
8,10,3.000532
8,11,5.000115
8,12,9.000309
8,13,6.000292
8,14,1.000185
8,15,4.000416
8,16,7.000478
8,17,4.000125
8,18,1.001331
8,19,6.000071
8,20,4.000560
8,21,1.000204
8,22,0.056395
8,23,3.000005
8,24,8.000214
8,25,2.000876
8,26,1.001247
8,27,1.001565
8,28,1.001158
8,29,2.000235
8,30,1.000958
8,31,7.000348
8,32,5.000234
8,33,0.082013
8,34,0.078651
8,35,8.000117
8,36,9.000271
8,37,4.000090
8,38,1.002196
8,39,1.000360
8,40,3.001050
8,41,4.000260
8,42,8.000042
8,43,1.001589
8,44,6.000559
8,45,6.000074
8,46,1.003014
8,47,2.000733
8,48,0.076068
8,49,8.000031
8,50,0.046805
8,51,1.002601
8,52,2.002104
8,53,5.000139
8,54,9.000052
8,55,1.000866
8,56,3.000464
8,57,3.001259
8,58,1.001391
8,59,6.000129
8,60,0.074510
9,1,3.001174
9,2,7.000291
9,3,5.000361
9,4,3.000173
9,5,3.001375
9,6,3.000090
9,7,6.000559
9,8,2.000783
9,9,0.000000
9,10,1.001042
9,11,3.001112
9,12,7.000052
9,13,4.000978
9,14,1.002518
9,15,2.000727
9,16,5.000302
9,17,2.000360
9,18,3.000215
9,19,4.000757
9,20,2.000162
9,21,1.001667
9,22,2.001798
9,23,1.001579
9,24,6.000301
9,25,0.088487
9,26,3.000067
9,27,3.000000
9,28,3.000032
9,29,4.000537
9,30,3.000566
9,31,5.000312
9,32,3.000506
9,33,2.000193
9,34,2.000298
9,35,6.000593
9,36,7.000223
9,37,2.001411
9,38,1.000108
9,39,3.000941
9,40,1.000785
9,41,6.000307
9,42,6.000559
9,43,1.003590
9,44,4.000173
9,45,4.000823
9,46,1.000236
9,47,4.001116
9,48,2.000193
9,49,10.000056
9,50,2.001668
9,51,3.000047
9,52,0.062208
9,53,7.000028
9,54,11.000031
9,55,3.000818
9,56,1.003390
9,57,5.000211
9,58,1.003390
9,59,8.000037
9,60,2.000182
10,1,4.000381
10,2,6.000115
10,3,4.000030
10,4,2.000092
10,5,4.000627
10,6,2.001160
10,7,5.000609
10,8,3.000532
10,9,1.001042
10,10,0.000000
10,11,2.000939
10,12,6.000124
10,13,3.002064
10,14,2.001433
10,15,1.004071
10,16,4.000086
10,17,1.002044
10,18,4.000012
10,19,3.001223
10,20,1.000445
10,21,2.001288
10,22,3.000381
10,23,0.070434
10,24,5.000024
10,25,1.006175
10,26,4.000082
10,27,4.000260
10,28,4.000133
10,29,5.000172
10,30,4.000067
10,31,4.000024
10,32,2.000065
10,33,3.000888
10,34,3.000436
10,35,5.000977
10,36,6.000016
10,37,1.001661
10,38,2.000898
10,39,4.000416
10,40,0.032731
10,41,7.000563
10,42,5.000609
10,43,2.000572
10,44,3.001138
10,45,3.000706
10,46,2.000823
10,47,5.000406
10,48,3.000888
10,49,11.000082
10,50,3.000626
10,51,4.000318
10,52,1.000652
10,53,8.000139
10,54,12.000095
10,55,4.000183
10,56,0.046846
10,57,6.000699
10,58,2.000549
10,59,9.000041
10,60,3.000247
11,1,6.000020
11,2,4.001181
11,3,2.000737
11,4,0.086451
11,5,6.000008
11,6,0.102666
11,7,3.000147
11,8,5.000115
11,9,3.001112
11,10,2.000939
11,11,0.000000
11,12,4.001070
11,13,1.003623
11,14,4.000205
11,15,1.004176
11,16,2.001888
11,17,1.002126
11,18,6.000319
11,19,1.001196
11,20,1.003491
11,21,4.000337
11,22,5.000105
11,23,2.000369
11,24,3.000491
11,25,3.001210
11,26,6.000392
11,27,6.000556
11,28,6.000410
11,29,7.000028
11,30,6.000127
11,31,2.001255
11,32,0.058297
11,33,5.001122
11,34,5.000298
11,35,3.000713
11,36,4.000628
11,37,1.000026
11,38,4.001117
11,39,6.000004
11,40,2.002126
11,41,9.000340
11,42,3.000147
11,43,4.000132
11,44,1.006358
11,45,1.000029
11,46,4.001309
11,47,7.000034
11,48,5.001122
11,49,13.000096
11,50,5.000000
11,51,6.000765
11,52,3.001550
11,53,10.000219
11,54,14.000131
11,55,6.000056
11,56,2.000213
11,57,8.000883
11,58,4.000106
11,59,11.000157
11,60,5.000856
12,1,10.000407
12,2,0.040212
12,3,2.000724
12,4,4.000046
12,5,10.000523
12,6,4.000197
12,7,1.005015
12,8,9.000309
12,9,7.000052
12,10,6.000124
12,11,4.001070
12,12,0.000000
12,13,3.002196
12,14,8.000529
12,15,5.000653
12,16,2.000288
12,17,5.000405
12,18,10.000052
12,19,3.001674
12,20,5.000009
12,21,8.000413
12,22,9.000408
12,23,6.000486
12,24,1.001447
12,25,7.000941
12,26,10.000031
12,27,10.000036
12,28,10.000036
12,29,11.000245
12,30,10.000176
12,31,2.000445
12,32,4.000358
12,33,9.000111
12,34,9.000180
12,35,1.005910
12,36,0.042204
12,37,5.000759
12,38,8.000073
12,39,10.000380
12,40,6.000018
12,41,13.000294
12,42,1.005015
12,43,8.000459
12,44,3.000490
12,45,3.001476
12,46,8.000032
12,47,11.000454
12,48,9.000111
12,49,17.000082
12,50,9.000476
12,51,10.000015
12,52,7.000106
12,53,14.000070
12,54,18.000069
12,55,10.000274
12,56,6.000593
12,57,12.000169
12,58,8.000444
12,59,15.000042
12,60,9.000000
13,1,7.000706
13,2,3.003482
13,3,1.006764
13,4,1.006185
13,5,7.000535
13,6,1.004210
13,7,2.000818
13,8,6.000292
13,9,4.000978
13,10,3.002064
13,11,1.003623
13,12,3.002196
13,13,0.000000
13,14,5.000201
13,15,2.000475
13,16,1.008892
13,17,2.000657
13,18,7.000771
13,19,0.036532
13,20,2.003044
13,21,5.000161
13,22,6.001084
13,23,3.000480
13,24,2.003391
13,25,4.000000
13,26,7.000648
13,27,7.000559
13,28,7.000576
13,29,8.000498
13,30,7.000752
13,31,1.007794
13,32,1.005650
13,33,6.000689
13,34,6.000310
13,35,2.000108
13,36,3.002607
13,37,2.001595
13,38,5.000797
13,39,7.000456
13,40,3.002600
13,41,10.000040
13,42,2.000818
13,43,5.001302
13,44,0.090262
13,45,0.078070
13,46,5.001127
13,47,8.000715
13,48,6.000689
13,49,14.000170
13,50,6.000605
13,51,7.000772
13,52,4.002559
13,53,11.000230
13,54,15.000149
13,55,7.000720
13,56,3.002032
13,57,9.000440
13,58,5.001219
13,59,12.000316
13,60,6.001098
14,1,2.000743
14,2,8.000787
14,3,6.000494
14,4,4.000841
14,5,2.000462
14,6,4.000912
14,7,7.000018
14,8,1.000185
14,9,1.002518
14,10,2.001433
14,11,4.000205
14,12,8.000529
14,13,5.000201
14,14,0.000000
14,15,3.000546
14,16,6.000850
14,17,3.000247
14,18,2.001252
14,19,5.000010
14,20,3.001204
14,21,0.036998
14,22,1.002414
14,23,2.000063
14,24,7.000423
14,25,1.001007
14,26,2.001157
14,27,2.001260
14,28,2.001066
14,29,3.000346
14,30,2.000950
14,31,6.000659
14,32,4.000558
14,33,1.003774
14,34,1.000665
14,35,7.000049
14,36,8.000494
14,37,3.000204
14,38,0.084973
14,39,2.000307
14,40,2.002398
14,41,5.000166
14,42,7.000018
14,43,0.069533
14,44,5.000831
14,45,5.000113
14,46,0.105603
14,47,3.000647
14,48,1.003774
14,49,9.000087
14,50,1.000819
14,51,2.001921
14,52,1.006139
14,53,6.000219
14,54,10.000099
14,55,2.000803
14,56,2.001085
14,57,4.001116
14,58,0.087728
14,59,7.000237
14,60,1.004231
15,1,5.001035
15,2,5.001364
15,3,3.001686
15,4,1.003480
15,5,5.000944
15,6,1.001270
15,7,4.000670
15,8,4.000416
15,9,2.000727
15,10,1.004071
15,11,1.004176
15,12,5.000653
15,13,2.000475
15,14,3.000546
15,15,0.000000
15,16,3.001905
15,17,0.028703
15,18,5.000655
15,19,2.000795
15,20,0.078983
15,21,3.000280
15,22,4.001548
15,23,1.001407
15,24,4.001265
15,25,2.000475
15,26,5.000458
15,27,5.000291
15,28,5.000369
15,29,6.000612
15,30,5.000828
15,31,3.001779
15,32,1.004213
15,33,4.000295
15,34,4.000226
15,35,4.000329
15,36,5.001068
15,37,0.084485
15,38,3.000414
15,39,5.000714
15,40,1.004357
15,41,8.000021
15,42,4.000670
15,43,3.002064
15,44,2.000549
15,45,2.001871
15,46,3.000749
15,47,6.001040
15,48,4.000295
15,49,12.000110
15,50,4.001046
15,51,5.000443
15,52,2.003312
15,53,9.000104
15,54,13.000071
15,55,5.000909
15,56,1.005801
15,57,7.000148
15,58,3.001939
15,59,10.000200
15,60,4.000816
16,1,8.000392
16,2,2.000031
16,3,0.051277
16,4,2.000137
16,5,8.000579
16,6,2.001326
16,7,1.005412
16,8,7.000478
16,9,5.000302
16,10,4.000086
16,11,2.001888
16,12,2.000288
16,13,1.008892
16,14,6.000850
16,15,3.001905
16,16,0.000000
16,17,3.001168
16,18,8.000057
16,19,1.006110
16,20,3.000151
16,21,6.000757
16,22,7.000336
16,23,4.000916
16,24,1.000596
16,25,5.001786
16,26,8.000097
16,27,8.000189
16,28,8.000134
16,29,9.000251
16,30,8.000143
16,31,0.048883
16,32,2.000414
16,33,7.000433
16,34,7.000376
16,35,1.007535
16,36,2.000073
16,37,3.001167
16,38,6.000366
16,39,8.000438
16,40,4.000051
16,41,11.000540
16,42,1.005412
16,43,6.000392
16,44,1.003831
16,45,1.004140
16,46,6.000268
16,47,9.000417
16,48,7.000433
16,49,15.000140
16,50,7.000539
16,51,8.000163
16,52,5.000010
16,53,12.000174
16,54,16.000141
16,55,8.000244
16,56,4.000588
16,57,10.000471
16,58,6.000392
16,59,13.000084
16,60,7.000082
17,1,5.000549
17,2,5.000890
17,3,3.000884
17,4,1.001848
17,5,5.000520
17,6,1.001133
17,7,4.000350
17,8,4.000125
17,9,2.000360
17,10,1.002044
17,11,1.002126
17,12,5.000405
17,13,2.000657
17,14,3.000247
17,15,0.028703
17,16,3.001168
17,17,0.000000
17,18,5.000305
17,19,2.000454
17,20,0.061874
17,21,3.000082
17,22,4.000856
17,23,1.000399
17,24,4.000663
17,25,2.000657
17,26,5.000198
17,27,5.000144
17,28,5.000149
17,29,6.000274
17,30,5.000390
17,31,3.001001
17,32,1.002029
17,33,4.000297
17,34,4.000024
17,35,4.000272
17,36,5.000601
17,37,0.074923
17,38,3.000298
17,39,5.000338
17,40,1.002715
17,41,8.000039
17,42,4.000350
17,43,3.001142
17,44,2.000694
17,45,2.000941
17,46,3.000554
17,47,6.000594
17,48,4.000297
17,49,12.000022
17,50,4.000532
17,51,5.000294
17,52,2.002153
17,53,9.000022
17,54,13.000010
17,55,5.000446
17,56,1.003146
17,57,7.000227
17,58,3.001050
17,59,10.000071
17,60,4.000506
18,1,0.059670
18,2,10.000087
18,3,8.000037
18,4,6.000017
18,5,0.099669
18,6,6.000287
18,7,9.000313
18,8,1.001331
18,9,3.000215
18,10,4.000012
18,11,6.000319
18,12,10.000052
18,13,7.000771
18,14,2.001252
18,15,5.000655
18,16,8.000057
18,17,5.000305
18,18,0.000000
18,19,7.000462
18,20,5.000054
18,21,2.001056
18,22,1.001433
18,23,4.000382
18,24,9.000033
18,25,3.001797
18,26,0.062393
18,27,0.063306
18,28,0.034098
18,29,1.000893
18,30,0.090194
18,31,8.000031
18,32,6.000039
18,33,1.002011
18,34,1.000925
18,35,9.000477
18,36,10.000025
18,37,5.000329
18,38,2.000634
18,39,0.057310
18,40,4.000115
18,41,3.001076
18,42,9.000313
18,43,2.000717
18,44,7.000381
18,45,7.000299
18,46,2.000602
18,47,1.002282
18,48,1.002011
18,49,7.000087
18,50,1.001915
18,51,0.099669
18,52,3.000271
18,53,4.000178
18,54,8.000094
18,55,0.041688
18,56,4.000338
18,57,2.001675
18,58,2.000676
18,59,5.000031
18,60,1.000524
19,1,7.000288
19,2,3.002477
19,3,1.003796
19,4,1.004149
19,5,7.000179
19,6,1.004064
19,7,2.000108
19,8,6.000071
19,9,4.000757
19,10,3.001223
19,11,1.001196
19,12,3.001674
19,13,0.036532
19,14,5.000010
19,15,2.000795
19,16,1.006110
19,17,2.000454
19,18,7.000462
19,19,0.000000
19,20,2.002187
19,21,5.000042
19,22,6.000521
19,23,3.000105
19,24,2.001900
19,25,4.000167
19,26,7.000420
19,27,7.000432
19,28,7.000385
19,29,8.000194
19,30,7.000370
19,31,1.004885
19,32,1.002966
19,33,6.000695
19,34,6.000158
19,35,2.000068
19,36,3.001632
19,37,2.000487
19,38,5.000716
19,39,7.000139
19,40,3.001903
19,41,10.000074
19,42,2.000108
19,43,5.000626
19,44,0.094538
19,45,0.041654
19,46,5.000979
19,47,8.000312
19,48,6.000695
19,49,14.000082
19,50,6.000200
19,51,7.000639
19,52,4.001820
19,53,11.000154
19,54,15.000089
19,55,7.000318
19,56,3.000949
19,57,9.000522
19,58,5.000570
19,59,12.000184
19,60,6.000837
20,1,5.000659
20,2,5.000148
20,3,3.000342
20,4,1.000059
20,5,5.000871
20,6,1.000924
20,7,4.001068
20,8,4.000560
20,9,2.000162
20,10,1.000445
20,11,1.003491
20,12,5.000009
20,13,2.003044
20,14,3.001204
20,15,0.078983
20,16,3.000151
20,17,0.061874
20,18,5.000054
20,19,2.002187
20,20,0.000000
20,21,3.000943
20,22,4.000736
20,23,1.002391
20,24,4.000257
20,25,2.003044
20,26,5.000029
20,27,5.000065
20,28,5.000043
20,29,6.000347
20,30,5.000253
20,31,3.000206
20,32,1.000990
20,33,4.000288
20,34,4.000324
20,35,4.001328
20,36,5.000124
20,37,0.078340
20,38,3.000218
20,39,5.000614
20,40,1.000108
20,41,8.000438
20,42,4.001068
20,43,3.000981
20,44,2.000836
20,45,2.001823
20,46,3.000136
20,47,6.000687
20,48,4.000288
20,49,12.000087
20,50,4.000874
20,51,5.000049
20,52,2.000338
20,53,9.000086
20,54,13.000074
20,55,5.000421
20,56,1.002828
20,57,7.000323
20,58,3.000944
20,59,10.000038
20,60,4.000010
21,1,2.001024
21,2,8.000708
21,3,6.000487
21,4,4.000688
21,5,2.000800
21,6,4.000609
21,7,7.000076
21,8,1.000204
21,9,1.001667
21,10,2.001288
21,11,4.000337
21,12,8.000413
21,13,5.000161
21,14,0.036998
21,15,3.000280
21,16,6.000757
21,17,3.000082
21,18,2.001056
21,19,5.000042
21,20,3.000943
21,21,0.000000
21,22,1.002928
21,23,2.000053
21,24,7.000417
21,25,1.000803
21,26,2.000863
21,27,2.000834
21,28,2.000745
21,29,3.000431
21,30,2.000983
21,31,6.000609
21,32,4.000550
21,33,1.002516
21,34,1.000296
21,35,7.000056
21,36,8.000457
21,37,3.000342
21,38,0.071480
21,39,2.000513
21,40,2.001984
21,41,5.000069
21,42,7.000076
21,43,0.076582
21,44,5.000557
21,45,5.000214
21,46,0.086876
21,47,3.000892
21,48,1.002516
21,49,9.000051
21,50,1.001346
21,51,2.001387
21,52,1.005500
21,53,6.000121
21,54,10.000051
21,55,2.000954
21,56,2.001330
21,57,4.000754
21,58,0.072944
21,59,7.000173
21,60,1.003297
22,1,1.000155
22,2,9.000329
22,3,7.000084
22,4,5.000444
22,5,1.000718
22,6,5.001166
22,7,8.000237
22,8,0.056395
22,9,2.001798
22,10,3.000381
22,11,5.000105
22,12,9.000408
22,13,6.001084
22,14,1.002414
22,15,4.001548
22,16,7.000336
22,17,4.000856
22,18,1.001433
22,19,6.000521
22,20,4.000736
22,21,1.002928
22,22,0.000000
22,23,3.000640
22,24,8.000073
22,25,2.003252
22,26,1.002206
22,27,1.003590
22,28,1.002524
22,29,2.000168
22,30,1.000363
22,31,7.000190
22,32,5.000104
22,33,0.112199
22,34,0.107798
22,35,8.000570
22,36,9.000148
22,37,4.000155
22,38,1.004925
22,39,1.000623
22,40,3.001076
22,41,4.001292
22,42,8.000237
22,43,1.000000
22,44,6.001217
22,45,6.000133
22,46,1.005172
22,47,2.000095
22,48,0.112199
22,49,8.000237
22,50,0.048883
22,51,1.004481
22,52,2.001469
22,53,5.000574
22,54,9.000287
22,55,1.000129
22,56,3.000002
22,57,3.002753
22,58,1.000007
22,59,6.000303
22,60,0.085718
23,1,4.000309
23,2,6.000782
23,3,4.000505
23,4,2.001096
23,5,4.000245
23,6,2.001313
23,7,5.000068
23,8,3.000005
23,9,1.001579
23,10,0.070434
23,11,2.000369
23,12,6.000486
23,13,3.000480
23,14,2.000063
23,15,1.001407
23,16,4.000916
23,17,1.000399
23,18,4.000382
23,19,3.000105
23,20,1.002391
23,21,2.000053
23,22,3.000640
23,23,0.000000
23,24,5.000404
23,25,1.001440
23,26,4.000340
23,27,4.000395
23,28,4.000308
23,29,5.000132
23,30,4.000301
23,31,4.000689
23,32,2.000713
23,33,3.000927
23,34,3.000081
23,35,5.000147
23,36,6.000459
23,37,1.000497
23,38,2.001074
23,39,4.000124
23,40,0.082113
23,41,7.000116
23,42,5.000068
23,43,2.000960
23,44,3.001064
23,45,3.000188
23,46,2.001517
23,47,5.000350
23,48,3.000927
23,49,11.000026
23,50,3.000246
23,51,4.000661
23,52,1.004555
23,53,8.000085
23,54,12.000037
23,55,4.000279
23,56,0.062090
23,57,6.000594
23,58,2.000850
23,59,9.000097
23,60,3.000972
24,1,9.000113
24,2,1.000957
24,3,1.000000
24,4,3.000199
24,5,9.000221
24,6,3.001148
24,7,0.076082
24,8,8.000214
24,9,6.000301
24,10,5.000024
24,11,3.000491
24,12,1.001447
24,13,2.003391
24,14,7.000423
24,15,4.001265
24,16,1.000596
24,17,4.000663
24,18,9.000033
24,19,2.001900
24,20,4.000257
24,21,7.000417
24,22,8.000073
24,23,5.000404
24,24,0.000000
24,25,6.001131
24,26,9.000089
24,27,9.000201
24,28,9.000120
24,29,10.000063
24,30,9.000014
24,31,1.000153
24,32,3.000017
24,33,8.000481
24,34,8.000218
24,35,0.101849
24,36,1.000153
24,37,4.000342
24,38,7.000398
24,39,9.000153
24,40,5.000216
24,41,12.000389
24,42,0.076082
24,43,7.000084
24,44,2.002365
24,45,2.000886
24,46,7.000379
24,47,10.000135
24,48,8.000481
24,49,16.000078
24,50,8.000184
24,51,9.000241
24,52,6.000155
24,53,13.000132
24,54,17.000097
24,55,9.000046
24,56,5.000116
24,57,11.000511
24,58,7.000083
24,59,14.000053
24,60,8.000181
25,1,3.001647
25,2,7.001493
25,3,5.001357
25,4,3.002067
25,5,3.001249
25,6,3.001406
25,7,6.000273
25,8,2.000876
25,9,0.088487
25,10,1.006175
25,11,3.001210
25,12,7.000941
25,13,4.000000
25,14,1.001007
25,15,2.000475
25,16,5.001786
25,17,2.000657
25,18,3.001797
25,19,4.000167
25,20,2.003044
25,21,1.000803
25,22,2.003252
25,23,1.001440
25,24,6.001131
25,25,0.000000
25,26,3.001512
25,27,3.001305
25,28,3.001343
25,29,4.000996
25,30,3.001755
25,31,5.001565
25,32,3.001888
25,33,2.002064
25,34,2.000932
25,35,6.000036
25,36,7.001118
25,37,2.001595
25,38,1.003977
25,39,3.001064
25,40,1.007773
25,41,6.000067
25,42,6.000273
25,43,1.006488
25,44,4.001018
25,45,4.000762
25,46,1.005619
25,47,4.001431
25,48,2.002064
25,49,10.000238
25,50,2.001814
25,51,3.001801
25,52,0.143105
25,53,7.000362
25,54,11.000203
25,55,3.001679
25,56,1.006079
25,57,5.000792
25,58,1.006079
25,59,8.000473
25,60,2.003293
26,1,0.067998
26,2,10.000124
26,3,8.000100
26,4,6.000022
26,5,0.078183
26,6,6.000154
26,7,9.000317
26,8,1.001247
26,9,3.000067
26,10,4.000082
26,11,6.000392
26,12,10.000031
26,13,7.000648
26,14,2.001157
26,15,5.000458
26,16,8.000097
26,17,5.000198
26,18,0.062393
26,19,7.000420
26,20,5.000029
26,21,2.000863
26,22,1.002206
26,23,4.000340
26,24,9.000089
26,25,3.001512
26,26,0.000000
26,27,0.071926
26,28,0.042758
26,29,1.001264
26,30,0.039553
26,31,8.000084
26,32,6.000105
26,33,1.001141
26,34,1.000603
26,35,9.000418
26,36,10.000068
26,37,5.000394
26,38,2.000301
26,39,0.062810
26,40,4.000115
26,41,3.000809
26,42,9.000317
26,43,2.001104
26,44,7.000235
26,45,7.000347
26,46,2.000315
26,47,1.003051
26,48,1.001141
26,49,7.000059
26,50,1.002348
26,51,0.062538
26,52,3.000389
26,53,4.000079
26,54,8.000051
26,55,0.052719
26,56,4.000518
26,57,2.001091
26,58,2.001036
26,59,5.000011
26,60,1.000308
27,1,0.083933
27,2,10.000204
27,3,8.000226
27,4,6.000086
27,5,0.090844
27,6,6.000045
27,7,9.000373
27,8,1.001565
27,9,3.000000
27,10,4.000260
27,11,6.000556
27,12,10.000036
27,13,7.000559
27,14,2.001260
27,15,5.000291
27,16,8.000189
27,17,5.000144
27,18,0.063306
27,19,7.000432
27,20,5.000065
27,21,2.000834
27,22,1.003590
27,23,4.000395
27,24,9.000201
27,25,3.001305
27,26,0.071926
27,27,0.000000
27,28,0.037408
27,29,1.002146
27,30,0.084552
27,31,8.000195
27,32,6.000253
27,33,1.000387
27,34,1.000597
27,35,9.000396
27,36,10.000156
27,37,5.000565
27,38,2.000054
27,39,0.075153
27,40,4.000196
27,41,3.000613
27,42,9.000373
27,43,2.001798
27,44,7.000099
27,45,7.000471
27,46,2.000118
27,47,1.004454
27,48,1.000387
27,49,7.000081
27,50,1.003332
27,51,0.057611
27,52,3.000645
27,53,4.000049
27,54,8.000043
27,55,0.070068
27,56,4.000849
27,57,2.000528
27,58,2.001697
27,59,5.000061
27,60,1.000365
28,1,0.071067
28,2,10.000159
28,3,8.000135
28,4,6.000043
28,5,0.079554
28,6,6.000115
28,7,9.000305
28,8,1.001158
28,9,3.000032
28,10,4.000133
28,11,6.000410
28,12,10.000036
28,13,7.000576
28,14,2.001066
28,15,5.000369
28,16,8.000134
28,17,5.000149
28,18,0.034098
28,19,7.000385
28,20,5.000043
28,21,2.000745
28,22,1.002524
28,23,4.000308
28,24,9.000120
28,25,3.001343
28,26,0.042758
28,27,0.037408
28,28,0.000000
28,29,1.001397
28,30,0.065231
28,31,8.000121
28,32,6.000142
28,33,1.000870
28,34,1.000459
28,35,9.000378
28,36,10.000097
28,37,5.000409
28,38,2.000205
28,39,0.063942
28,40,4.000154
28,41,3.000672
28,42,9.000305
28,43,2.001263
28,44,7.000186
28,45,7.000354
28,46,2.000261
28,47,1.003315
28,48,1.000870
28,49,7.000048
28,50,1.002456
28,51,0.065669
28,52,3.000500
28,53,4.000044
28,54,8.000033
28,55,0.056618
28,56,4.000591
28,57,2.000886
28,58,2.001182
28,59,5.000013
28,60,1.000360
29,1,1.000171
29,2,11.000275
29,3,9.000071
29,4,7.000227
29,5,1.000435
29,6,7.000550
29,7,10.000086
29,8,2.000235
29,9,4.000537
29,10,5.000172
29,11,7.000028
29,12,11.000245
29,13,8.000498
29,14,3.000346
29,15,6.000612
29,16,9.000251
29,17,6.000274
29,18,1.000893
29,19,8.000194
29,20,6.000347
29,21,3.000431
29,22,2.000168
29,23,5.000132
29,24,10.000063
29,25,4.000996
29,26,1.001264
29,27,1.002146
29,28,1.001397
29,29,0.000000
29,30,1.000197
29,31,9.000147
29,32,7.000051
29,33,2.002092
29,34,2.000492
29,35,10.000257
29,36,11.000120
29,37,6.000023
29,38,3.001049
29,39,1.000140
29,40,5.000526
29,41,2.001434
29,42,10.000086
29,43,3.000112
29,44,8.000618
29,45,8.000036
29,46,3.001208
29,47,0.029149
29,48,2.002092
29,49,6.000117
29,50,2.000098
29,51,1.003065
29,52,4.000738
29,53,3.000467
29,54,7.000165
29,55,1.000062
29,56,5.000050
29,57,1.005640
29,58,3.000083
29,59,4.000215
29,60,2.001351
30,1,0.051279
30,2,10.000169
30,3,8.000015
30,4,6.000138
30,5,0.052176
30,6,6.000555
30,7,9.000201
30,8,1.000958
30,9,3.000566
30,10,4.000067
30,11,6.000127
30,12,10.000176
30,13,7.000752
30,14,2.000950
30,15,5.000828
30,16,8.000143
30,17,5.000390
30,18,0.090194
30,19,7.000370
30,20,5.000253
30,21,2.000983
30,22,1.000363
30,23,4.000301
30,24,9.000014
30,25,3.001755
30,26,0.039553
30,27,0.084552
30,28,0.065231
30,29,1.000197
30,30,0.000000
30,31,8.000063
30,32,6.000004
30,33,1.003686
30,34,1.001174
30,35,9.000421
30,36,10.000051
30,37,5.000134
30,38,2.001331
30,39,0.049017
30,40,4.000387
30,41,3.001197
30,42,9.000201
30,43,2.000181
30,44,7.000643
30,45,7.000137
30,46,2.001402
30,47,1.000834
30,48,1.003686
30,49,7.000112
30,50,1.000764
30,51,0.067845
30,52,3.000548
30,53,4.000331
30,54,8.000150
30,55,0.071871
30,56,4.000079
30,57,2.002647
30,58,2.000157
30,59,5.000116
30,60,1.001761
31,1,8.000243
31,2,2.000175
31,3,0.018268
31,4,2.000153
31,5,8.000400
31,6,2.001482
31,7,1.004066
31,8,7.000348
31,9,5.000312
31,10,4.000024
31,11,2.001255
31,12,2.000445
31,13,1.007794
31,14,6.000659
31,15,3.001779
31,16,0.048883
31,17,3.001001
31,18,8.000031
31,19,1.004885
31,20,3.000206
31,21,6.000609
31,22,7.000190
31,23,4.000689
31,24,1.000153
31,25,5.001565
31,26,8.000084
31,27,8.000195
31,28,8.000121
31,29,9.000147
31,30,8.000063
31,31,0.000000
31,32,2.000151
31,33,7.000480
31,34,7.000300
31,35,1.006303
31,36,2.000000
31,37,3.000774
31,38,6.000401
31,39,8.000290
31,40,4.000127
31,41,11.000477
31,42,1.004066
31,43,6.000221
31,44,1.004207
31,45,1.002848
31,46,6.000339
31,47,9.000269
31,48,7.000480
31,49,15.000106
31,50,7.000359
31,51,8.000204
31,52,5.000067
31,53,12.000151
31,54,16.000116
31,55,8.000132
31,56,4.000331
31,57,10.000510
31,58,6.000221
31,59,13.000062
31,60,7.000127
32,1,6.000127
32,2,4.000324
32,3,2.000026
32,4,0.034621
32,5,6.000258
32,6,0.078337
32,7,3.000735
32,8,5.000234
32,9,3.000506
32,10,2.000065
32,11,0.058297
32,12,4.000358
32,13,1.005650
32,14,4.000558
32,15,1.004213
32,16,2.000414
32,17,1.002029
32,18,6.000039
32,19,1.002966
32,20,1.000990
32,21,4.000550
32,22,5.000104
32,23,2.000713
32,24,3.000017
32,25,3.001888
32,26,6.000105
32,27,6.000253
32,28,6.000142
32,29,7.000051
32,30,6.000004
32,31,2.000151
32,32,0.000000
32,33,5.000687
32,34,5.000248
32,35,3.001400
32,36,4.000076
32,37,1.000948
32,38,4.000609
32,39,6.000158
32,40,2.000597
32,41,9.000421
32,42,3.000735
32,43,4.000130
32,44,1.004236
32,45,1.001295
32,46,4.000618
32,47,7.000162
32,48,5.000687
32,49,13.000064
32,50,5.000215
32,51,6.000333
32,52,3.000419
32,53,10.000129
32,54,14.000086
32,55,6.000041
32,56,2.000239
32,57,8.000631
32,58,4.000119
32,59,11.000046
32,60,5.000286
33,1,1.006030
33,2,9.000400
33,3,7.000550
33,4,5.000329
33,5,1.006529
33,6,5.000002
33,7,8.000631
33,8,0.082013
33,9,2.000193
33,10,3.000888
33,11,5.001122
33,12,9.000111
33,13,6.000689
33,14,1.003774
33,15,4.000295
33,16,7.000433
33,17,4.000297
33,18,1.002011
33,19,6.000695
33,20,4.000288
33,21,1.002516
33,22,0.112199
33,23,3.000927
33,24,8.000481
33,25,2.002064
33,26,1.001141
33,27,1.000387
33,28,1.000870
33,29,2.002092
33,30,1.003686
33,31,7.000480
33,32,5.000687
33,33,0.000000
33,34,0.056462
33,35,8.000542
33,36,9.000374
33,37,4.001224
33,38,1.000086
33,39,1.004886
33,40,3.000584
33,41,4.000493
33,42,8.000631
33,43,1.006275
33,44,6.000008
33,45,6.000905
33,46,1.000272
33,47,2.003636
33,48,0.037040
33,49,8.000196
33,50,0.105901
33,51,1.000365
33,52,2.001729
33,53,5.000157
33,54,9.000117
33,55,1.004701
33,56,3.002003
33,57,3.000062
33,58,1.005994
33,59,6.000225
33,60,0.074031
34,1,1.001909
34,2,9.000388
34,3,7.000249
34,4,5.000256
34,5,1.001943
34,6,5.000256
34,7,8.000145
34,8,0.078651
34,9,2.000298
34,10,3.000436
34,11,5.000298
34,12,9.000180
34,13,6.000310
34,14,1.000665
34,15,4.000226
34,16,7.000376
34,17,4.000024
34,18,1.000925
34,19,6.000158
34,20,4.000324
34,21,1.000296
34,22,0.107798
34,23,3.000081
34,24,8.000218
34,25,2.000932
34,26,1.000603
34,27,1.000597
34,28,1.000459
34,29,2.000492
34,30,1.001174
34,31,7.000300
34,32,5.000248
34,33,0.056462
34,34,0.000000
34,35,8.000170
34,36,9.000234
34,37,4.000281
34,38,1.000946
34,39,1.001123
34,40,3.000704
34,41,4.000178
34,42,8.000145
34,43,1.002400
34,44,6.000290
34,45,6.000224
34,46,1.001572
34,47,2.001308
34,48,0.053003
34,49,8.000005
34,50,0.091072
34,51,1.001312
34,52,2.001683
34,53,5.000022
34,54,9.000004
34,55,1.001419
34,56,3.000726
34,57,3.000692
34,58,1.002177
34,59,6.000056
34,60,0.078200
35,1,9.000356
35,2,1.008961
35,3,1.005173
35,4,3.001739
35,5,9.000243
35,6,3.001440
35,7,0.045452
35,8,8.000117
35,9,6.000593
35,10,5.000977
35,11,3.000713
35,12,1.005910
35,13,2.000108
35,14,7.000049
35,15,4.000329
35,16,1.007535
35,17,4.000272
35,18,9.000477
35,19,2.000068
35,20,4.001328
35,21,7.000056
35,22,8.000570
35,23,5.000147
35,24,0.101849
35,25,6.000036
35,26,9.000418
35,27,9.000396
35,28,9.000378
35,29,10.000257
35,30,9.000421
35,31,1.006303
35,32,3.001400
35,33,8.000542
35,34,8.000170
35,35,0.000000
35,36,1.006303
35,37,4.000459
35,38,7.000560
35,39,9.000204
35,40,5.001370
35,41,12.000045
35,42,0.042578
35,43,7.000652
35,44,2.002240
35,45,2.000843
35,46,7.000778
35,47,10.000379
35,48,8.000542
35,49,16.000107
35,50,8.000267
35,51,9.000565
35,52,6.001470
35,53,13.000163
35,54,17.000105
35,55,9.000381
35,56,5.000844
35,57,11.000414
35,58,7.000603
35,59,14.000213
35,60,8.000741
36,1,10.000195
36,2,0.026456
36,3,2.000076
36,4,4.000077
36,5,10.000320
36,6,4.000741
36,7,1.004066
36,8,9.000271
36,9,7.000223
36,10,6.000016
36,11,4.000628
36,12,0.042204
36,13,3.002607
36,14,8.000494
36,15,5.001068
36,16,2.000073
36,17,5.000601
36,18,10.000025
36,19,3.001632
36,20,5.000124
36,21,8.000457
36,22,9.000148
36,23,6.000459
36,24,1.000153
36,25,7.001118
36,26,10.000068
36,27,10.000156
36,28,10.000097
36,29,11.000120
36,30,10.000051
36,31,2.000000
36,32,4.000076
36,33,9.000374
36,34,9.000234
36,35,1.006303
36,36,0.000000
36,37,5.000464
36,38,8.000300
36,39,10.000233
36,40,6.000084
36,41,13.000403
36,42,1.004066
36,43,8.000166
36,44,3.001405
36,45,3.000951
36,46,8.000254
36,47,11.000220
36,48,9.000374
36,49,17.000093
36,50,9.000278
36,51,10.000164
36,52,7.000048
36,53,14.000129
36,54,18.000105
36,55,10.000105
36,56,6.000221
36,57,12.000425
36,58,8.000166
36,59,15.000054
36,60,9.000099
37,1,5.000038
37,2,5.000888
37,3,3.000457
37,4,1.002536
37,5,5.000025
37,6,1.004580
37,7,4.000088
37,8,4.000090
37,9,2.001411
37,10,1.001661
37,11,1.000026
37,12,5.000759
37,13,2.001595
37,14,3.000204
37,15,0.084485
37,16,3.001167
37,17,0.074923
37,18,5.000329
37,19,2.000487
37,20,0.078340
37,21,3.000342
37,22,4.000155
37,23,1.000497
37,24,4.000342
37,25,2.001595
37,26,5.000394
37,27,5.000565
37,28,5.000409
37,29,6.000023
37,30,5.000134
37,31,3.000774
37,32,1.000948
37,33,4.001224
37,34,4.000281
37,35,4.000459
37,36,5.000464
37,37,0.000000
37,38,3.001283
37,39,5.000000
37,40,1.003834
37,41,8.000319
37,42,4.000088
37,43,3.000208
37,44,2.002802
37,45,2.000014
37,46,3.001537
37,47,6.000065
37,48,4.001224
37,49,12.000077
37,50,4.000006
37,51,5.000803
37,52,2.002179
37,53,9.000196
37,54,13.000110
37,55,5.000065
37,56,1.000504
37,57,7.000893
37,58,3.000168
37,59,10.000139
37,60,4.000948
38,1,2.002390
38,2,8.000342
38,3,6.000464
38,4,4.000252
38,5,2.002670
38,6,4.000009
38,7,7.000600
38,8,1.002196
38,9,1.000108
38,10,2.000898
38,11,4.001117
38,12,8.000073
38,13,5.000797
38,14,0.084973
38,15,3.000414
38,16,6.000366
38,17,3.000298
38,18,2.000634
38,19,5.000716
38,20,3.000218
38,21,0.071480
38,22,1.004925
38,23,2.001074
38,24,7.000398
38,25,1.003977
38,26,2.000301
38,27,2.000054
38,28,2.000205
38,29,3.001049
38,30,2.001331
38,31,6.000401
38,32,4.000609
38,33,1.000086
38,34,1.000946
38,35,7.000560
38,36,8.000300
38,37,3.001283
38,38,0.000000
38,39,2.001925
38,40,2.000590
38,41,5.000370
38,42,7.000600
38,43,0.099372
38,44,5.000051
38,45,5.000871
38,46,0.022836
38,47,3.001959
38,48,1.000086
38,49,9.000113
38,50,1.004459
38,51,2.000077
38,52,1.002614
38,53,6.000070
38,54,10.000064
38,55,2.001781
38,56,2.002346
38,57,4.000126
38,58,0.096899
38,59,7.000109
38,60,1.000587
39,1,0.040231
39,2,10.000444
39,3,8.000171
39,4,6.000423
39,5,0.073284
39,6,6.000765
39,7,9.000039
39,8,1.000360
39,9,3.000941
39,10,4.000416
39,11,6.000004
39,12,10.000380
39,13,7.000456
39,14,2.000307
39,15,5.000714
39,16,8.000438
39,17,5.000338
39,18,0.057310
39,19,7.000139
39,20,5.000614
39,21,2.000513
39,22,1.000623
39,23,4.000124
39,24,9.000153
39,25,3.001064
39,26,0.062810
39,27,0.075153
39,28,0.063942
39,29,1.000140
39,30,0.049017
39,31,8.000290
39,32,6.000158
39,33,1.004886
39,34,1.001123
39,35,9.000204
39,36,10.000233
39,37,5.000000
39,38,2.001925
39,39,0.000000
39,40,4.000960
39,41,3.000852
39,42,9.000039
39,43,2.000311
39,44,7.000801
39,45,7.000004
39,46,2.002304
39,47,1.000389
39,48,1.004886
39,49,7.000132
39,50,1.000026
39,51,0.089613
39,52,3.001453
39,53,4.000440
39,54,8.000177
39,55,0.025490
39,56,4.000126
39,57,2.003122
39,58,2.000252
39,59,5.000279
39,60,1.003787
40,1,4.000959
40,2,6.000055
40,3,4.000270
40,4,2.000068
40,5,4.001299
40,6,2.000736
40,7,5.001085
40,8,3.001050
40,9,1.000785
40,10,0.032731
40,11,2.002126
40,12,6.000018
40,13,3.002600
40,14,2.002398
40,15,1.004357
40,16,4.000051
40,17,1.002715
40,18,4.000115
40,19,3.001903
40,20,1.000108
40,21,2.001984
40,22,3.001076
40,23,0.082113
40,24,5.000216
40,25,1.007773
40,26,4.000115
40,27,4.000196
40,28,4.000154
40,29,5.000526
40,30,4.000387
40,31,4.000127
40,32,2.000597
40,33,3.000584
40,34,3.000704
40,35,5.001370
40,36,6.000084
40,37,1.003834
40,38,2.000590
40,39,4.000960
40,40,0.000000
40,41,7.000691
40,42,5.001085
40,43,2.001614
40,44,3.000788
40,45,3.001503
40,46,2.000344
40,47,5.000929
40,48,3.000584
40,49,11.000158
40,50,3.001418
40,51,4.000129
40,52,1.000288
40,53,8.000181
40,54,12.000141
40,55,4.000626
40,56,0.079532
40,57,6.000511
40,58,2.001581
40,59,9.000091
40,60,3.000036
41,1,3.001349
41,2,13.000549
41,3,11.000424
41,4,9.000410
41,5,3.001137
41,6,9.000224
41,7,12.000134
41,8,4.000260
41,9,6.000307
41,10,7.000563
41,11,9.000340
41,12,13.000294
41,13,10.000040
41,14,5.000166
41,15,8.000021
41,16,11.000540
41,17,8.000039
41,18,3.001076
41,19,10.000074
41,20,8.000438
41,21,5.000069
41,22,4.001292
41,23,7.000116
41,24,12.000389
41,25,6.000067
41,26,3.000809
41,27,3.000613
41,28,3.000672
41,29,2.001434
41,30,3.001197
41,31,11.000477
41,32,9.000421
41,33,4.000493
41,34,4.000178
41,35,12.000045
41,36,13.000403
41,37,8.000319
41,38,5.000370
41,39,3.000852
41,40,7.000691
41,41,0.000000
41,42,12.000134
41,43,5.001033
41,44,10.000198
41,45,10.000261
41,46,5.000604
41,47,2.002466
41,48,4.000493
41,49,4.000272
41,50,4.000763
41,51,3.000956
41,52,6.001160
41,53,1.001000
41,54,5.000174
41,55,3.001241
41,56,7.000687
41,57,1.001980
41,58,5.000962
41,59,2.000983
41,60,4.000954
42,1,9.000112
42,2,1.006619
42,3,1.002890
42,4,3.001282
42,5,9.000048
42,6,3.001617
42,7,0.015083
42,8,8.000042
42,9,6.000559
42,10,5.000609
42,11,3.000147
42,12,1.005015
42,13,2.000818
42,14,7.000018
42,15,4.000670
42,16,1.005412
42,17,4.000350
42,18,9.000313
42,19,2.000108
42,20,4.001068
42,21,7.000076
42,22,8.000237
42,23,5.000068
42,24,0.076082
42,25,6.000273
42,26,9.000317
42,27,9.000373
42,28,9.000305
42,29,10.000086
42,30,9.000201
42,31,1.004066
42,32,3.000735
42,33,8.000631
42,34,8.000145
42,35,0.042578
42,36,1.004066
42,37,4.000088
42,38,7.000600
42,39,9.000039
42,40,5.001085
42,41,12.000134
42,42,0.000000
42,43,7.000271
42,44,2.002777
42,45,2.000122
42,46,7.000768
42,47,10.000129
42,48,8.000631
42,49,16.000074
42,50,8.000055
42,51,9.000536
42,52,6.001086
42,53,13.000152
42,54,17.000092
42,55,9.000147
42,56,5.000338
42,57,11.000544
42,58,7.000241
42,59,14.000151
42,60,8.000628
43,1,2.000077
43,2,8.000370
43,3,6.000098
43,4,4.000555
43,5,2.000359
43,6,4.001457
43,7,7.000271
43,8,1.001589
43,9,1.003590
43,10,2.000572
43,11,4.000132
43,12,8.000459
43,13,5.001302
43,14,0.069533
43,15,3.002064
43,16,6.000392
43,17,3.001142
43,18,2.000717
43,19,5.000626
43,20,3.000981
43,21,0.076582
43,22,1.000000
43,23,2.000960
43,24,7.000084
43,25,1.006488
43,26,2.001104
43,27,2.001798
43,28,2.001263
43,29,3.000112
43,30,2.000181
43,31,6.000221
43,32,4.000130
43,33,1.006275
43,34,1.002400
43,35,7.000652
43,36,8.000166
43,37,3.000208
43,38,0.099372
43,39,2.000311
43,40,2.001614
43,41,5.001033
43,42,7.000271
43,43,0.000000
43,44,5.001461
43,45,5.000159
43,46,0.101839
43,47,3.000063
43,48,1.006275
43,49,9.000210
43,50,1.000527
43,51,2.002244
43,52,1.002935
43,53,6.000478
43,54,10.000258
43,55,2.000064
43,56,2.000003
43,57,4.002065
43,58,0.037792
43,59,7.000259
43,60,1.003667
44,1,7.000992
44,2,3.001485
44,3,1.004721
44,4,1.002256
44,5,7.001049
44,6,1.000111
44,7,2.002777
44,8,6.000559
44,9,4.000173
44,10,3.001138
44,11,1.006358
44,12,3.000490
44,13,0.090262
44,14,5.000831
44,15,2.000549
44,16,1.003831
44,17,2.000694
44,18,7.000381
44,19,0.094538
44,20,2.000836
44,21,5.000557
44,22,6.001217
44,23,3.001064
44,24,2.002365
44,25,4.001018
44,26,7.000235
44,27,7.000099
44,28,7.000186
44,29,8.000618
44,30,7.000643
44,31,1.004207
44,32,1.004236
44,33,6.000008
44,34,6.000290
44,35,2.002240
44,36,3.001405
44,37,2.002802
44,38,5.000051
44,39,7.000801
44,40,3.000788
44,41,10.000198
44,42,2.002777
44,43,5.001461
44,44,0.000000
44,45,0.110735
44,46,5.000104
44,47,8.001033
44,48,6.000008
44,49,14.000142
44,50,6.001063
44,51,7.000096
44,52,4.001076
44,53,11.000099
44,54,15.000093
44,55,7.000795
44,56,3.002328
44,57,9.000005
44,58,5.001397
44,59,12.000154
44,60,6.000245
45,1,7.000037
45,2,3.001722
45,3,1.001770
45,4,1.003079
45,5,7.000008
45,6,1.005110
45,7,2.000122
45,8,6.000074
45,9,4.000823
45,10,3.000706
45,11,1.000029
45,12,3.001476
45,13,0.078070
45,14,5.000113
45,15,2.001871
45,16,1.004140
45,17,2.000941
45,18,7.000299
45,19,0.041654
45,20,2.001823
45,21,5.000214
45,22,6.000133
45,23,3.000188
45,24,2.000886
45,25,4.000762
45,26,7.000347
45,27,7.000471
45,28,7.000354
45,29,8.000036
45,30,7.000137
45,31,1.002848
45,32,1.001295
45,33,6.000905
45,34,6.000224
45,35,2.000843
45,36,3.000951
45,37,2.000014
45,38,5.000871
45,39,7.000004
45,40,3.001503
45,41,10.000261
45,42,2.000122
45,43,5.000159
45,44,0.110735
45,45,0.000000
45,46,5.001047
45,47,8.000052
45,48,6.000905
45,49,14.000083
45,50,6.000005
45,51,7.000659
45,52,4.001270
45,53,11.000190
45,54,15.000113
45,55,7.000073
45,56,3.000223
45,57,9.000751
45,58,5.000134
45,59,12.000148
45,60,6.000738
46,1,2.002661
46,2,8.000244
46,3,6.000443
46,4,4.000192
46,5,2.003117
46,6,4.000045
46,7,7.000768
46,8,1.003014
46,9,1.000236
46,10,2.000823
46,11,4.001309
46,12,8.000032
46,13,5.001127
46,14,0.105603
